A: 969864017, T: 915944071, C: 921652757, G: 944199607
total: 3751660452
GC_percentage: 0.4973404144304475
Runtime: 621.3910689353943

